   7       0 loop0 14 0 34 2 0 0 0 0 0 12 2 0 0 0 0 0 0
   7       1 loop1 63 0 2600 84 0 0 0 0 0 68 84 0 0 0 0 0 0
   7       2 loop2 436 0 12258 142 0 0 0 0 0 628 142 0 0 0 0 0 0
   7       3 loop3 45 0 698 25 0 0 0 0 0 36 25 0 0 0 0 0 0
   7       4 loop4 48 0 720 26 0 0 0 0 0 48 26 0 0 0 0 0 0
   7       5 loop5 50 0 720 29 0 0 0 0 0 40 29 0 0 0 0 0 0
   7       6 loop6 69 0 2544 81 0 0 0 0 0 76 81 0 0 0 0 0 0
   7       7 loop7 56 0 2152 57 0 0 0 0 0 52 57 0 0 0 0 0 0
  11       0 sr0 11 0 5 0 0 0 0 0 0 24 0 0 0 0 0 0 0
   8       0 sda 30700 11834 2809220 19877 17454 11488 916634 4489 0 29412 24367 0 0 0 0 0 0
   8       1 sda1 169 1013 13470 28 2 0 2 0 0 56 28 0 0 0 0 0 0
   8       2 sda2 2 0 4 0 0 0 0 0 0 8 0 0 0 0 0 0 0
   8       5 sda5 30420 10821 2791498 19835 17452 11488 916632 4489 0 29392 24325 0 0 0 0 0 0
   7       9 loop9 56 0 2144 51 0 0 0 0 0 44 51 0 0 0 0 0 0
   7       8 loop8 57 0 2132 43 0 0 0 0 0 44 43 0 0 0 0 0 0
   7      10 loop10 1959 0 49680 406 0 0 0 0 0 1004 406 0 0 0 0 0 0
   7      13 loop13 642 0 46784 216 0 0 0 0 0 1796 216 0 0 0 0 0 0
   7      12 loop12 54 0 2146 73 0 0 0 0 0 56 73 0 0 0 0 0 0
   7      15 loop15 43 0 694 31 0 0 0 0 0 52 31 0 0 0 0 0 0
   7      14 loop14 233 0 6970 88 0 0 0 0 0 480 88 0 0 0 0 0 0
   7      16 loop16 58 0 2216 52 0 0 0 0 0 72 52 0 0 0 0 0 0
   7      11 loop11 1802 0 10860 165 0 0 0 0 0 248 165 0 0 0 0 0 0
   7      17 loop17 43 0 702 33 0 0 0 0 0 52 33 0 0 0 0 0 0
   7      18 loop18 11 0 28 1 0 0 0 0 0 4 1 0 0 0 0 0 0
